222 327 91 72 74
205 903 78 64 56
528 762 94 80 94
210 780 89 67 66
628 774 87 74 80
768 805 80 72 61
201 265 87 74 70
113 507 88 67 73
757 921 83 67 52
491 562 113 91 150
915 563 80 68 67
55 584 78 65 61
507 59 79 69 61
307 222 88 76 80
982 640 79 64 51
821 813 85 70 57
897 598 80 72 65
640 557 103 83 125
539 226 93 77 89
903 755 81 69 53
974 33 75 61 40
882 526 84 70 73
34 480 77 71 61
857 543 85 69 73
469 476 123 98 150
835 898 80 67 54
774 654 87 74 76
881 17 79 61 40
363 743 88 74 87
820 135 85 70 59
828 516 87 68 80
612 321 95 78 108
620 807 84 71 78
132 541 87 70 68
61 584 81 64 58
71 345 83 72 61
266 835 84 74 60
347 285 98 72 95
247 222 88 69 65
592 209 87 74 83
900 107 76 64 45
161 594 90 70 69
829 789 80 66 57
70 637 86 71 60
313 904 78 73 64
393 39 77 70 62
567 723 94 75 93
948 327 82 65 60
751 491 92 74 93
409 802 93 76 82
842 573 88 73 75
965 789 81 65 53
837 310 85 68 70
826 769 79 73 64
136 258 83 72 64
346 267 91 78 89
310 608 98 74 101
223 173 83 70 59
758 474 97 78 90
102 232 85 71 59
410 844 92 74 68
682 589 102 77 102
7 818 81 63 50
556 902 82 66 61
824 250 81 70 62
703 737 94 76 84
108 182 80 69 55
493 675 100 78 114
584 461 117 90 145
941 858 82 64 46
832 96 76 62 47
410 230 88 73 87
331 352 93 74 103
964 425 85 65 54
581 873 84 75 72
990 250 83 64 51
792 379 92 75 76
262 614 91 71 89
75 955 74 64 46
497 192 88 74 85
607 498 115 89 131
502 362 109 87 123
873 777 78 65 57
146 538 85 67 77
490 661 103 87 121
194 466 87 70 81
164 683 85 67 67
613 805 93 76 79
181 848 77 63 57
581 372 109 85 120
118 724 81 66 57
33 489 83 63 57
963 415 85 71 58
196 666 83 72 76
729 597 97 74 93
61 361 83 72 56
497 750 94 80 98
726 239 84 72 76
492 413 115 91 143
989 209 78 68 50
