222 327 81 65 47
205 903 72 60 41
528 762 82 72 61
210 780 81 62 45
628 774 76 67 51
768 805 72 67 40
201 265 79 68 47
113 507 80 61 51
757 921 77 63 37
491 562 89 75 90
915 563 73 63 47
55 584 71 61 43
507 59 72 64 43
307 222 78 70 54
982 640 73 60 36
821 813 78 66 39
897 598 72 67 45
640 557 85 71 77
539 226 81 69 57
903 755 75 65 37
974 33 72 59 31
882 526 76 64 51
34 480 71 67 44
857 543 76 63 49
469 476 97 80 99
835 898 75 63 40
774 654 76 67 48
881 17 75 58 30
363 743 76 66 55
820 135 79 66 43
828 516 77 61 53
612 321 80 68 68
620 807 74 64 51
132 541 78 64 45
61 584 74 59 40
71 345 76 68 44
266 835 76 69 40
347 285 86 64 62
247 222 79 63 42
592 209 76 67 54
900 107 71 61 33
161 594 81 64 44
829 789 73 61 38
70 637 79 67 42
313 904 71 68 46
393 39 71 66 45
567 723 80 66 56
948 327 76 61 44
751 491 79 65 58
409 802 83 69 54
842 573 79 67 50
965 789 76 62 40
837 310 77 62 48
826 769 72 68 44
136 258 76 67 45
346 267 79 70 57
310 608 84 64 62
223 173 76 65 40
758 474 84 70 56
102 232 79 67 43
410 844 83 68 44
682 589 87 67 61
7 818 77 60 39
556 902 74 61 40
824 250 73 65 42
703 737 83 69 56
108 182 74 65 40
493 675 83 67 69
584 461 95 75 86
941 858 77 61 34
832 96 71 59 33
410 230 76 65 56
331 352 79 65 65
964 425 79 61 37
581 873 76 69 50
990 250 78 61 38
792 379 82 68 48
262 614 79 63 56
75 955 70 61 36
497 192 77 67 56
607 498 94 75 75
502 362 90 74 72
873 777 72 61 40
146 538 76 61 53
490 661 85 75 74
194 466 76 63 52
164 683 77 61 45
613 805 83 69 52
181 848 71 59 40
581 372 91 73 72
118 724 74 61 39
33 489 77 59 40
963 415 79 67 41
196 666 74 66 51
729 597 84 65 58
61 361 77 68 39
497 750 81 71 63
726 239 75 66 51
492 413 93 76 83
989 209 73 65 38
