222 327 101 79 101
205 903 84 68 71
528 762 107 88 127
210 780 97 72 87
628 774 98 81 109
768 805 88 77 82
201 265 96 79 92
113 507 96 72 95
757 921 89 71 68
491 562 138 107 150
915 563 88 73 87
55 584 84 70 79
507 59 86 73 80
307 222 98 83 106
982 640 84 68 66
821 813 92 75 75
897 598 88 77 86
640 557 121 95 150
539 226 105 85 121
903 755 87 73 69
974 33 78 63 49
882 526 93 75 95
34 480 84 75 78
857 543 94 75 97
469 476 149 115 150
835 898 85 70 68
774 654 97 81 104
881 17 83 63 50
363 743 100 82 118
820 135 91 74 75
828 516 97 75 107
612 321 110 88 147
620 807 94 77 104
132 541 96 76 91
61 584 88 68 76
71 345 89 77 79
266 835 92 79 81
347 285 111 80 128
247 222 96 75 88
592 209 98 81 112
900 107 80 67 58
161 594 99 76 94
829 789 87 70 75
70 637 92 76 78
313 904 85 77 82
393 39 83 74 78
567 723 108 84 130
948 327 88 69 76
751 491 105 82 127
409 802 104 83 110
842 573 98 79 100
965 789 86 68 66
837 310 93 73 92
826 769 86 78 83
136 258 90 76 82
346 267 103 86 120
310 608 113 83 139
223 173 90 75 78
758 474 109 87 124
102 232 91 75 75
410 844 101 80 93
682 589 117 87 143
7 818 85 66 61
556 902 90 71 82
824 250 89 75 83
703 737 104 83 112
108 182 85 73 70
493 675 117 89 150
584 461 139 105 150
941 858 86 67 58
832 96 81 66 61
410 230 99 81 118
331 352 107 84 141
964 425 91 69 71
581 873 93 80 95
990 250 88 67 64
792 379 103 82 104
262 614 104 79 122
75 955 78 66 56
497 192 99 81 113
607 498 136 103 150
502 362 128 99 150
873 777 85 69 74
146 538 94 73 102
490 661 120 99 150
194 466 98 77 110
164 683 94 72 90
613 805 103 83 106
181 848 83 67 73
581 372 127 97 150
118 724 88 70 75
33 489 89 67 74
963 415 91 75 74
196 666 93 78 101
729 597 110 83 128
61 361 90 76 73
497 750 107 89 133
726 239 94 78 101
492 413 138 106 150
989 209 82 71 62
