222 327 111 85 128
205 903 89 72 86
528 762 119 97 150
210 780 105 77 108
628 774 109 89 138
768 805 96 82 102
201 265 104 85 115
113 507 105 78 117
757 921 95 75 83
491 562 162 123 150
915 563 95 78 106
55 584 91 74 96
507 59 93 78 98
307 222 107 89 132
982 640 90 72 81
821 813 98 79 93
897 598 95 82 106
640 557 139 107 150
539 226 117 93 150
903 755 93 77 86
974 33 82 65 57
882 526 101 81 118
34 480 90 79 95
857 543 103 81 121
469 476 176 133 150
835 898 91 74 82
774 654 108 88 132
881 17 87 66 61
363 743 112 90 150
820 135 97 78 91
828 516 107 81 134
612 321 125 98 150
620 807 104 84 131
132 541 104 82 115
61 584 95 73 94
71 345 96 81 96
266 835 99 84 101
347 285 123 89 150
247 222 105 80 111
592 209 109 88 141
900 107 85 70 70
161 594 109 82 119
829 789 94 75 94
70 637 99 80 96
313 904 92 82 100
393 39 89 78 95
567 723 122 93 150
948 327 94 73 92
751 491 118 91 150
409 802 114 90 138
842 573 107 85 125
965 789 91 71 79
837 310 102 79 114
826 769 94 83 103
136 258 97 81 101
346 267 115 94 150
310 608 127 93 150
223 173 97 80 97
758 474 122 95 150
102 232 97 79 91
410 844 110 86 117
682 589 133 97 150
7 818 89 69 73
556 902 98 76 102
824 250 96 80 103
703 737 115 90 141
108 182 91 76 85
493 675 133 100 150
584 461 161 119 150
941 858 91 70 70
832 96 86 69 75
410 230 111 88 149
331 352 121 93 150
964 425 98 73 87
581 873 101 86 117
990 250 93 70 77
792 379 113 89 132
262 614 116 88 150
75 955 82 69 66
497 192 109 88 142
607 498 157 117 150
502 362 147 112 150
873 777 91 74 91
146 538 103 79 126
490 661 138 110 150
194 466 109 84 138
164 683 102 78 112
613 805 113 90 133
181 848 89 71 90
581 372 145 109 150
118 724 95 75 94
33 489 96 71 91
963 415 97 79 91
196 666 102 85 126
729 597 123 91 150
61 361 96 81 90
497 750 120 97 150
726 239 103 85 127
492 413 160 121 150
989 209 87 74 74
