222 327 121 92 150
205 903 95 75 101
528 762 132 105 150
210 780 113 83 129
628 774 120 96 150
768 805 103 87 123
201 265 113 91 137
113 507 113 83 139
757 921 100 79 99
491 562 186 140 150
915 563 103 83 126
55 584 98 79 114
507 59 100 82 116
307 222 117 96 150
982 640 96 75 96
821 813 105 84 111
897 598 103 87 127
640 557 157 119 150
539 226 129 101 150
903 755 99 81 102
974 33 85 67 66
882 526 109 86 140
34 480 96 84 112
857 543 112 87 145
469 476 202 150 150
835 898 96 77 96
774 654 118 95 150
881 17 91 68 71
363 743 124 98 150
820 135 103 82 107
828 516 117 88 150
612 321 140 108 150
620 807 114 91 150
132 541 113 88 138
61 584 101 77 112
71 345 102 85 114
266 835 107 89 122
347 285 136 97 150
247 222 113 86 134
592 209 120 96 150
900 107 90 73 82
161 594 118 88 143
829 789 101 80 112
70 637 106 85 113
313 904 99 86 118
393 39 95 82 111
567 723 136 103 150
948 327 100 77 108
751 491 131 100 150
409 802 125 97 150
842 573 116 92 150
965 789 96 75 92
837 310 110 84 136
826 769 101 88 122
136 258 104 86 120
346 267 127 102 150
310 608 142 103 150
223 173 104 84 116
758 474 135 104 150
102 232 103 83 107
410 844 119 92 142
682 589 148 107 150
7 818 94 72 84
556 902 105 81 123
824 250 104 85 124
703 737 126 97 150
108 182 96 80 100
493 675 150 111 150
584 461 183 134 150
941 858 95 73 82
832 96 92 73 89
410 230 123 96 150
331 352 135 103 150
964 425 104 77 104
581 873 110 92 140
990 250 97 73 89
792 379 124 96 150
262 614 129 96 150
75 955 85 71 76
497 192 120 95 150
607 498 178 131 150
502 362 166 125 150
873 777 97 78 108
146 538 112 85 150
490 661 155 122 150
194 466 119 91 150
164 683 110 83 134
613 805 123 96 150
181 848 96 75 106
581 372 163 121 150
118 724 102 79 112
33 489 102 76 108
963 415 104 83 108
196 666 112 91 150
729 597 136 100 150
61 361 103 85 108
497 750 133 106 150
726 239 113 91 150
492 413 183 136 150
989 209 91 77 86
